MSE: 880.2433114465738
R2: 0.933345715282331